[spline_fitting_result]
degree=5
numKnot=120
lamda1d=0.000000
lamda2d=0.000000
lamda3d=0.000000
lamda4d=1000.000000
step_k=0.100000
AIC=2790.556829
sigma0=1.000000
sigma_opt=0.000356
